127 127 
127 127 
127 127 
127 127 
127 127 
127 127 
126.999 126.999 
127 127 
127 127 
127 127 
126.999 126.999 
127 127 
127 127 
127 127 
127 127 
127 127 
127 127 
127 127 
127 127 
127 127 
127 127 
127 127 
127 127 
127 127 
127 127 
127 127 
127 127 
127 127 
127 127 
127 127 
127 127 
127 127 
127 127 
127 127 
127 127 
127 127 
127 127 
127 127 
127 127 
127 127 
127 127 
127 127 
127 127 
127 127 
127 127 
127 127 
127 127 
127 127 
127 127 
127 127 
127 127 
127 127 
127 127 
127 127 
127 127 
127 127 
127 127 
127 127 
127 127 
127 127 
127 127 
127 127 
127 127 
127 127 
127 127 
127 127 
127 127 
127 127 
127 127 
127 127 
127 127 
127 127 
127 127 
127 127 
127 127 
127 127 
127 127 
127 127 
127 127 
127 127 
127 127 
127 127 
127 127 
127 127 
127 127 
127 127 
127 127 
127 127 
127 127 
127 127 
127 127 
127 127 
127 127 
127 127 
127 127 
127 127 
127 127 
127 127 
127 127 
127 127 
