127 127 
127 127 
127 127 
127 127 
127 127 
127 127 
127 127 
127 127 
127 127 
127 127 
127 127 
127 127 
5.49642e+11 5.49642e+11 
127 127 
127 127 
127 127 
127 127 
127 127 
127 127 
127 127 
127 127 
127 127 
127 127 
127 127 
127 127 
127 127 
127 127 
127 127 
127 127 
127 127 
127 127 
127 127 
127 127 
127 127 
127 127 
127 127 
127 127 
127 127 
127 127 
127 127 
127 127 
127 127 
127 127 
127 127 
127 127 
127 127 
127 127 
127 127 
127 127 
127 127 
127 127 
127 127 
127 127 
127 127 
127 127 
127 127 
127 127 
127 127 
127 127 
127 127 
127 127 
127 127 
127 127 
127 127 
127 127 
127 127 
127 127 
127 127 
127 127 
127 127 
127 127 
127 127 
127 127 
127 127 
127 127 
127 127 
127 127 
127 127 
127 127 
127 127 
127 127 
127 127 
127 127 
127 127 
127 127 
127 127 
127 127 
127 127 
127 127 
127 127 
127 127 
127 127 
127 127 
127 127 
127 127 
127 127 
127 127 
127 127 
127 127 
127 127 
